680134
215153
168353
117799
76138
46293
28629
19101
13377
11147
10128
9085
8732
8397
8134
7939
7795
7850
7695
7443
7427
7439
7398
7399
7397
7252
7225
7154
7301
7150
7248
7229
7120
6986
7280
7186
7163
7094
7165
7047
7183
7145
6990
7155
7028
7062
6975
7023
7081
6964
7018
6839
6926
7053
6953
6858
6886
7005
7026
6790
7173
6936
6983
7099
6958
6981
7033
7015
7037
7060
6906
7072
6907
6984
7069
7086
6839
6993
7076
7041
6897
6855
6970
6918
6901
7027
6967
7027
7021
7008
6930
6989
6928
7021
7055
6939
6762
6866
6943
7117
6877
6781
6871
7070
6913
6975
6986
6823
6933
6871
7030
6864
7024
7047
6979
6958
6922
6904
6781
7023
6949
7051
6972
6875
6810
6965
6952
6954
6800
6924
7069
6877
7005
6962
6995
6886
6788
6981
7046
6794
6844
7018
6881
6977
7029
6965
6895
7056
7091
7028
6879
6959
6894
7041
6945
7087
7042
6980
7015
7098
6845
6929
7084
6867
7034
6971
7006
6899
6896
7025
7029
6823
7108
7019
6995
7087
6962
6943
6904
6899
7010
6975
6925
6972
6997
6982
6921
6890
6878
6966
6932
6765
6893
6863
7121
6927
7117
7140
7016
6948
6771
7049
6938
7056
7170
7069
6908
6964
6996
7071
6978
7007
6994
7130
6943
6968
7066
7093
7176
7191
7100
7268
7208
7152
7145
7185
7324
7250
7248
7335
7279
7210
7336
7519
7370
7477
7559
7621
7785
7765
7807
8089
8453
8595
9105
10018
11037
13945
18988
28595
46287
75713
118427
167864
215543
